image_width: 640
image_height: 480
camera_name: default_cam
camera_matrix:
  rows: 3
  cols: 3
  data: [477.39, 0.0, 313.93, 0.0, 362.07, 181.65, 0.0, 0.0, 1.0]
distortion_model: plumb_bob
distortion_coefficients:
  rows: 1
  cols: 5
  data: [-0.118258, 1.905422, -0.000412, -0.004719, -5.643929]
rectification_matrix:
  rows: 3
  cols: 3
  data: [1., 0., 0., 0., 1., 0., 0., 0., 1.]
projection_matrix:
  rows: 3
  cols: 4
  data: [477.39, 0.0, 313.93, 0.0, 0.0, 362.07, 181.65, 0.0, 0.0, 0.0, 1.0, 0.0]
